{
 "cells": [
  {
   "cell_type": "markdown",
   "id": "5dcc66cb",
   "metadata": {},
   "source": [
    "Main Source https://towardsdatascience.com/find-highly-correlated-stocks-with-python-77eba4fd061b\n",
    "HeatMap plot https://blog.patricktriest.com/analyzing-cryptocurrencies-python/"
   ]
  },
  {
   "cell_type": "code",
   "execution_count": 23,
   "id": "69fcea8e",
   "metadata": {},
   "outputs": [
    {
     "name": "stdout",
     "output_type": "stream",
     "text": [
      "['AAPL', 'TCEHY', 'NVDA', 'GOOG', 'QCOM', 'MSFT', 'FB', 'BTC-USD', 'ETH-USD', 'SAND-USD', 'MANA-USD', 'MATIC-USD']\n"
     ]
    }
   ],
   "source": [
    "import numpy as np\n",
    "import warnings\n",
    "from pandas_datareader import data as pdr\n",
    "import yfinance as yf\n",
    "import datetime as dt\n",
    "from yahoo_fin import stock_info as si\n",
    "import pandas as pd\n",
    "pd.set_option('display.max_rows', None)\n",
    "warnings.filterwarnings(\"ignore\")\n",
    "yf.pdr_override()\n",
    "\n",
    "num_of_years = 0.5\n",
    "start = dt.date.today() - dt.timedelta(days = int(365.25*num_of_years))\n",
    "end = dt.date.today()\n",
    "\n",
    "#IMPORTANT you can change the tickers or merge the df with other stocks\n",
    "#tickers = si.tickers_dow()\n",
    "tickers = ['AAPL', 'TCEHY', 'NVDA', 'GOOG','QCOM', 'MSFT', 'FB']\n",
    "tickers.append('BTC-USD')\n",
    "tickers.append('ETH-USD')\n",
    "tickers.append('SAND-USD')\n",
    "tickers.append('MANA-USD')\n",
    "tickers.append('MATIC-USD')\n",
    "print(tickers)"
   ]
  },
  {
   "cell_type": "code",
   "execution_count": 24,
   "id": "370181b1",
   "metadata": {},
   "outputs": [
    {
     "name": "stdout",
     "output_type": "stream",
     "text": [
      "[*********************100%***********************]  12 of 12 completed\n",
      "\n",
      "Correlation Matrix\n",
      "               AAPL   BTC-USD   ETH-USD        FB      GOOG  MANA-USD  \\\n",
      "AAPL       1.000000  0.382504  0.443793  0.363859  0.602921  0.285432   \n",
      "BTC-USD    0.382504  1.000000  0.864587  0.200248  0.357099  0.371469   \n",
      "ETH-USD    0.443793  0.864587  1.000000  0.213480  0.352502  0.402345   \n",
      "FB         0.363859  0.200248  0.213480  1.000000  0.522910  0.152265   \n",
      "GOOG       0.602921  0.357099  0.352502  0.522910  1.000000  0.253291   \n",
      "MANA-USD   0.285432  0.371469  0.402345  0.152265  0.253291  1.000000   \n",
      "MATIC-USD  0.413843  0.688528  0.746574  0.137716  0.287587  0.262075   \n",
      "MSFT       0.691236  0.448075  0.402399  0.516632  0.835081  0.353049   \n",
      "NVDA       0.645738  0.383828  0.440120  0.444392  0.673325  0.397092   \n",
      "QCOM       0.593491  0.189667  0.236508  0.446510  0.609278  0.141836   \n",
      "SAND-USD   0.332886  0.451750  0.497483  0.154429  0.255171  0.778957   \n",
      "TCEHY      0.288478  0.319540  0.247143  0.182947  0.217257  0.171234   \n",
      "\n",
      "           MATIC-USD      MSFT      NVDA      QCOM  SAND-USD     TCEHY  \n",
      "AAPL        0.413843  0.691236  0.645738  0.593491  0.332886  0.288478  \n",
      "BTC-USD     0.688528  0.448075  0.383828  0.189667  0.451750  0.319540  \n",
      "ETH-USD     0.746574  0.402399  0.440120  0.236508  0.497483  0.247143  \n",
      "FB          0.137716  0.516632  0.444392  0.446510  0.154429  0.182947  \n",
      "GOOG        0.287587  0.835081  0.673325  0.609278  0.255171  0.217257  \n",
      "MANA-USD    0.262075  0.353049  0.397092  0.141836  0.778957  0.171234  \n",
      "MATIC-USD   1.000000  0.355166  0.371835  0.210835  0.371529  0.274672  \n",
      "MSFT        0.355166  1.000000  0.708144  0.584463  0.345315  0.280913  \n",
      "NVDA        0.371835  0.708144  1.000000  0.761241  0.335455  0.230881  \n",
      "QCOM        0.210835  0.584463  0.761241  1.000000  0.148985  0.164860  \n",
      "SAND-USD    0.371529  0.345315  0.335455  0.148985  1.000000  0.108884  \n",
      "TCEHY       0.274672  0.280913  0.230881  0.164860  0.108884  1.000000  \n"
     ]
    }
   ],
   "source": [
    "dataset = pdr.get_data_yahoo(tickers, start, end)['Adj Close']\n",
    "stocks_returns = np.log(dataset/dataset.shift(1))\n",
    "\n",
    "print('\\nCorrelation Matrix')\n",
    "corr_matrix = stocks_returns.corr()\n",
    "print (corr_matrix)"
   ]
  },
  {
   "cell_type": "code",
   "execution_count": 11,
   "id": "5d083a60",
   "metadata": {},
   "outputs": [],
   "source": [
    "import plotly.graph_objs as go\n",
    "import plotly.offline as py\n",
    "\n",
    "def correlation_heatmap(df, title, absolute_bounds=True):\n",
    "    '''Plot a correlation heatmap for the entire dataframe'''\n",
    "    heatmap = go.Heatmap(\n",
    "        z=df.corr(method='pearson').to_numpy(),\n",
    "        x=df.columns,\n",
    "        y=df.columns,\n",
    "        colorbar=dict(title='Pearson Coefficient'),\n",
    "    )\n",
    "    \n",
    "    layout = go.Layout(title=title)\n",
    "    \n",
    "    if absolute_bounds:\n",
    "        heatmap['zmax'] = 1.0\n",
    "        heatmap['zmin'] = -1.0\n",
    "        \n",
    "    fig = go.Figure(data=[heatmap], layout=layout)\n",
    "    py.iplot(fig)"
   ]
  },
  {
   "cell_type": "code",
   "execution_count": 25,
   "id": "1e27ebc4",
   "metadata": {},
   "outputs": [
    {
     "data": {
      "application/vnd.plotly.v1+json": {
       "config": {
        "linkText": "Export to plot.ly",
        "plotlyServerURL": "https://plot.ly",
        "showLink": false
       },
       "data": [
        {
         "colorbar": {
          "title": {
           "text": "Pearson Coefficient"
          }
         },
         "type": "heatmap",
         "x": [
          "AAPL",
          "BTC-USD",
          "ETH-USD",
          "FB",
          "GOOG",
          "MANA-USD",
          "MATIC-USD",
          "MSFT",
          "NVDA",
          "QCOM",
          "SAND-USD",
          "TCEHY"
         ],
         "y": [
          "AAPL",
          "BTC-USD",
          "ETH-USD",
          "FB",
          "GOOG",
          "MANA-USD",
          "MATIC-USD",
          "MSFT",
          "NVDA",
          "QCOM",
          "SAND-USD",
          "TCEHY"
         ],
         "z": [
          [
           1,
           0.38250430868372387,
           0.44379344596419357,
           0.36385915503166594,
           0.6029212386927829,
           0.2854318911961217,
           0.4138426865476565,
           0.6912362860797271,
           0.645738336925543,
           0.5934906066035296,
           0.33288645814622425,
           0.2884782303238651
          ],
          [
           0.38250430868372387,
           1,
           0.8645869180662908,
           0.20024767589611261,
           0.35709867581034876,
           0.3714687771289425,
           0.6885282710591978,
           0.44807521785975923,
           0.38382798515422106,
           0.1896671520704531,
           0.45175034573754147,
           0.31954029060562433
          ],
          [
           0.44379344596419357,
           0.8645869180662908,
           1,
           0.2134800433192399,
           0.3525021926863324,
           0.40234482937426325,
           0.7465741368758568,
           0.40239868112636445,
           0.44011986657217267,
           0.23650801723350984,
           0.49748278780185373,
           0.24714295836191735
          ],
          [
           0.36385915503166594,
           0.20024767589611261,
           0.2134800433192399,
           1,
           0.5229102888100882,
           0.15226501304136908,
           0.137715754195102,
           0.5166323141373297,
           0.44439229590635954,
           0.44650951346484746,
           0.1544291936987354,
           0.1829468573745132
          ],
          [
           0.6029212386927829,
           0.35709867581034876,
           0.3525021926863324,
           0.5229102888100882,
           1,
           0.2532905320852275,
           0.2875873302916192,
           0.8350813871189886,
           0.6733252655175256,
           0.6092783415199823,
           0.25517124579683326,
           0.217257281121427
          ],
          [
           0.2854318911961217,
           0.3714687771289425,
           0.40234482937426325,
           0.15226501304136908,
           0.2532905320852275,
           1,
           0.26207451171947865,
           0.3530494970303114,
           0.39709206552526244,
           0.14183647632653154,
           0.7789567602236646,
           0.17123446436916398
          ],
          [
           0.4138426865476565,
           0.6885282710591978,
           0.7465741368758568,
           0.137715754195102,
           0.2875873302916192,
           0.26207451171947865,
           1,
           0.3551656624806378,
           0.37183458080020937,
           0.2108345102840399,
           0.37152901484464546,
           0.2746719731530751
          ],
          [
           0.6912362860797271,
           0.44807521785975923,
           0.40239868112636445,
           0.5166323141373297,
           0.8350813871189886,
           0.3530494970303114,
           0.3551656624806378,
           1,
           0.7081439729269304,
           0.5844632258169877,
           0.3453152386647682,
           0.28091257067295194
          ],
          [
           0.645738336925543,
           0.38382798515422106,
           0.44011986657217267,
           0.44439229590635954,
           0.6733252655175256,
           0.39709206552526244,
           0.37183458080020937,
           0.7081439729269304,
           1,
           0.7612406679732878,
           0.33545515842100054,
           0.23088104766833217
          ],
          [
           0.5934906066035296,
           0.1896671520704531,
           0.23650801723350984,
           0.44650951346484746,
           0.6092783415199823,
           0.14183647632653154,
           0.2108345102840399,
           0.5844632258169877,
           0.7612406679732878,
           1,
           0.14898544065332683,
           0.16486009962248982
          ],
          [
           0.33288645814622425,
           0.45175034573754147,
           0.49748278780185373,
           0.1544291936987354,
           0.25517124579683326,
           0.7789567602236646,
           0.37152901484464546,
           0.3453152386647682,
           0.33545515842100054,
           0.14898544065332683,
           1,
           0.10888391219808559
          ],
          [
           0.2884782303238651,
           0.31954029060562433,
           0.24714295836191735,
           0.1829468573745132,
           0.217257281121427,
           0.17123446436916398,
           0.2746719731530751,
           0.28091257067295194,
           0.23088104766833217,
           0.16486009962248982,
           0.10888391219808559,
           1
          ]
         ],
         "zmax": 1,
         "zmin": -1
        }
       ],
       "layout": {
        "template": {
         "data": {
          "bar": [
           {
            "error_x": {
             "color": "#2a3f5f"
            },
            "error_y": {
             "color": "#2a3f5f"
            },
            "marker": {
             "line": {
              "color": "#E5ECF6",
              "width": 0.5
             },
             "pattern": {
              "fillmode": "overlay",
              "size": 10,
              "solidity": 0.2
             }
            },
            "type": "bar"
           }
          ],
          "barpolar": [
           {
            "marker": {
             "line": {
              "color": "#E5ECF6",
              "width": 0.5
             },
             "pattern": {
              "fillmode": "overlay",
              "size": 10,
              "solidity": 0.2
             }
            },
            "type": "barpolar"
           }
          ],
          "carpet": [
           {
            "aaxis": {
             "endlinecolor": "#2a3f5f",
             "gridcolor": "white",
             "linecolor": "white",
             "minorgridcolor": "white",
             "startlinecolor": "#2a3f5f"
            },
            "baxis": {
             "endlinecolor": "#2a3f5f",
             "gridcolor": "white",
             "linecolor": "white",
             "minorgridcolor": "white",
             "startlinecolor": "#2a3f5f"
            },
            "type": "carpet"
           }
          ],
          "choropleth": [
           {
            "colorbar": {
             "outlinewidth": 0,
             "ticks": ""
            },
            "type": "choropleth"
           }
          ],
          "contour": [
           {
            "colorbar": {
             "outlinewidth": 0,
             "ticks": ""
            },
            "colorscale": [
             [
              0,
              "#0d0887"
             ],
             [
              0.1111111111111111,
              "#46039f"
             ],
             [
              0.2222222222222222,
              "#7201a8"
             ],
             [
              0.3333333333333333,
              "#9c179e"
             ],
             [
              0.4444444444444444,
              "#bd3786"
             ],
             [
              0.5555555555555556,
              "#d8576b"
             ],
             [
              0.6666666666666666,
              "#ed7953"
             ],
             [
              0.7777777777777778,
              "#fb9f3a"
             ],
             [
              0.8888888888888888,
              "#fdca26"
             ],
             [
              1,
              "#f0f921"
             ]
            ],
            "type": "contour"
           }
          ],
          "contourcarpet": [
           {
            "colorbar": {
             "outlinewidth": 0,
             "ticks": ""
            },
            "type": "contourcarpet"
           }
          ],
          "heatmap": [
           {
            "colorbar": {
             "outlinewidth": 0,
             "ticks": ""
            },
            "colorscale": [
             [
              0,
              "#0d0887"
             ],
             [
              0.1111111111111111,
              "#46039f"
             ],
             [
              0.2222222222222222,
              "#7201a8"
             ],
             [
              0.3333333333333333,
              "#9c179e"
             ],
             [
              0.4444444444444444,
              "#bd3786"
             ],
             [
              0.5555555555555556,
              "#d8576b"
             ],
             [
              0.6666666666666666,
              "#ed7953"
             ],
             [
              0.7777777777777778,
              "#fb9f3a"
             ],
             [
              0.8888888888888888,
              "#fdca26"
             ],
             [
              1,
              "#f0f921"
             ]
            ],
            "type": "heatmap"
           }
          ],
          "heatmapgl": [
           {
            "colorbar": {
             "outlinewidth": 0,
             "ticks": ""
            },
            "colorscale": [
             [
              0,
              "#0d0887"
             ],
             [
              0.1111111111111111,
              "#46039f"
             ],
             [
              0.2222222222222222,
              "#7201a8"
             ],
             [
              0.3333333333333333,
              "#9c179e"
             ],
             [
              0.4444444444444444,
              "#bd3786"
             ],
             [
              0.5555555555555556,
              "#d8576b"
             ],
             [
              0.6666666666666666,
              "#ed7953"
             ],
             [
              0.7777777777777778,
              "#fb9f3a"
             ],
             [
              0.8888888888888888,
              "#fdca26"
             ],
             [
              1,
              "#f0f921"
             ]
            ],
            "type": "heatmapgl"
           }
          ],
          "histogram": [
           {
            "marker": {
             "pattern": {
              "fillmode": "overlay",
              "size": 10,
              "solidity": 0.2
             }
            },
            "type": "histogram"
           }
          ],
          "histogram2d": [
           {
            "colorbar": {
             "outlinewidth": 0,
             "ticks": ""
            },
            "colorscale": [
             [
              0,
              "#0d0887"
             ],
             [
              0.1111111111111111,
              "#46039f"
             ],
             [
              0.2222222222222222,
              "#7201a8"
             ],
             [
              0.3333333333333333,
              "#9c179e"
             ],
             [
              0.4444444444444444,
              "#bd3786"
             ],
             [
              0.5555555555555556,
              "#d8576b"
             ],
             [
              0.6666666666666666,
              "#ed7953"
             ],
             [
              0.7777777777777778,
              "#fb9f3a"
             ],
             [
              0.8888888888888888,
              "#fdca26"
             ],
             [
              1,
              "#f0f921"
             ]
            ],
            "type": "histogram2d"
           }
          ],
          "histogram2dcontour": [
           {
            "colorbar": {
             "outlinewidth": 0,
             "ticks": ""
            },
            "colorscale": [
             [
              0,
              "#0d0887"
             ],
             [
              0.1111111111111111,
              "#46039f"
             ],
             [
              0.2222222222222222,
              "#7201a8"
             ],
             [
              0.3333333333333333,
              "#9c179e"
             ],
             [
              0.4444444444444444,
              "#bd3786"
             ],
             [
              0.5555555555555556,
              "#d8576b"
             ],
             [
              0.6666666666666666,
              "#ed7953"
             ],
             [
              0.7777777777777778,
              "#fb9f3a"
             ],
             [
              0.8888888888888888,
              "#fdca26"
             ],
             [
              1,
              "#f0f921"
             ]
            ],
            "type": "histogram2dcontour"
           }
          ],
          "mesh3d": [
           {
            "colorbar": {
             "outlinewidth": 0,
             "ticks": ""
            },
            "type": "mesh3d"
           }
          ],
          "parcoords": [
           {
            "line": {
             "colorbar": {
              "outlinewidth": 0,
              "ticks": ""
             }
            },
            "type": "parcoords"
           }
          ],
          "pie": [
           {
            "automargin": true,
            "type": "pie"
           }
          ],
          "scatter": [
           {
            "marker": {
             "colorbar": {
              "outlinewidth": 0,
              "ticks": ""
             }
            },
            "type": "scatter"
           }
          ],
          "scatter3d": [
           {
            "line": {
             "colorbar": {
              "outlinewidth": 0,
              "ticks": ""
             }
            },
            "marker": {
             "colorbar": {
              "outlinewidth": 0,
              "ticks": ""
             }
            },
            "type": "scatter3d"
           }
          ],
          "scattercarpet": [
           {
            "marker": {
             "colorbar": {
              "outlinewidth": 0,
              "ticks": ""
             }
            },
            "type": "scattercarpet"
           }
          ],
          "scattergeo": [
           {
            "marker": {
             "colorbar": {
              "outlinewidth": 0,
              "ticks": ""
             }
            },
            "type": "scattergeo"
           }
          ],
          "scattergl": [
           {
            "marker": {
             "colorbar": {
              "outlinewidth": 0,
              "ticks": ""
             }
            },
            "type": "scattergl"
           }
          ],
          "scattermapbox": [
           {
            "marker": {
             "colorbar": {
              "outlinewidth": 0,
              "ticks": ""
             }
            },
            "type": "scattermapbox"
           }
          ],
          "scatterpolar": [
           {
            "marker": {
             "colorbar": {
              "outlinewidth": 0,
              "ticks": ""
             }
            },
            "type": "scatterpolar"
           }
          ],
          "scatterpolargl": [
           {
            "marker": {
             "colorbar": {
              "outlinewidth": 0,
              "ticks": ""
             }
            },
            "type": "scatterpolargl"
           }
          ],
          "scatterternary": [
           {
            "marker": {
             "colorbar": {
              "outlinewidth": 0,
              "ticks": ""
             }
            },
            "type": "scatterternary"
           }
          ],
          "surface": [
           {
            "colorbar": {
             "outlinewidth": 0,
             "ticks": ""
            },
            "colorscale": [
             [
              0,
              "#0d0887"
             ],
             [
              0.1111111111111111,
              "#46039f"
             ],
             [
              0.2222222222222222,
              "#7201a8"
             ],
             [
              0.3333333333333333,
              "#9c179e"
             ],
             [
              0.4444444444444444,
              "#bd3786"
             ],
             [
              0.5555555555555556,
              "#d8576b"
             ],
             [
              0.6666666666666666,
              "#ed7953"
             ],
             [
              0.7777777777777778,
              "#fb9f3a"
             ],
             [
              0.8888888888888888,
              "#fdca26"
             ],
             [
              1,
              "#f0f921"
             ]
            ],
            "type": "surface"
           }
          ],
          "table": [
           {
            "cells": {
             "fill": {
              "color": "#EBF0F8"
             },
             "line": {
              "color": "white"
             }
            },
            "header": {
             "fill": {
              "color": "#C8D4E3"
             },
             "line": {
              "color": "white"
             }
            },
            "type": "table"
           }
          ]
         },
         "layout": {
          "annotationdefaults": {
           "arrowcolor": "#2a3f5f",
           "arrowhead": 0,
           "arrowwidth": 1
          },
          "autotypenumbers": "strict",
          "coloraxis": {
           "colorbar": {
            "outlinewidth": 0,
            "ticks": ""
           }
          },
          "colorscale": {
           "diverging": [
            [
             0,
             "#8e0152"
            ],
            [
             0.1,
             "#c51b7d"
            ],
            [
             0.2,
             "#de77ae"
            ],
            [
             0.3,
             "#f1b6da"
            ],
            [
             0.4,
             "#fde0ef"
            ],
            [
             0.5,
             "#f7f7f7"
            ],
            [
             0.6,
             "#e6f5d0"
            ],
            [
             0.7,
             "#b8e186"
            ],
            [
             0.8,
             "#7fbc41"
            ],
            [
             0.9,
             "#4d9221"
            ],
            [
             1,
             "#276419"
            ]
           ],
           "sequential": [
            [
             0,
             "#0d0887"
            ],
            [
             0.1111111111111111,
             "#46039f"
            ],
            [
             0.2222222222222222,
             "#7201a8"
            ],
            [
             0.3333333333333333,
             "#9c179e"
            ],
            [
             0.4444444444444444,
             "#bd3786"
            ],
            [
             0.5555555555555556,
             "#d8576b"
            ],
            [
             0.6666666666666666,
             "#ed7953"
            ],
            [
             0.7777777777777778,
             "#fb9f3a"
            ],
            [
             0.8888888888888888,
             "#fdca26"
            ],
            [
             1,
             "#f0f921"
            ]
           ],
           "sequentialminus": [
            [
             0,
             "#0d0887"
            ],
            [
             0.1111111111111111,
             "#46039f"
            ],
            [
             0.2222222222222222,
             "#7201a8"
            ],
            [
             0.3333333333333333,
             "#9c179e"
            ],
            [
             0.4444444444444444,
             "#bd3786"
            ],
            [
             0.5555555555555556,
             "#d8576b"
            ],
            [
             0.6666666666666666,
             "#ed7953"
            ],
            [
             0.7777777777777778,
             "#fb9f3a"
            ],
            [
             0.8888888888888888,
             "#fdca26"
            ],
            [
             1,
             "#f0f921"
            ]
           ]
          },
          "colorway": [
           "#636efa",
           "#EF553B",
           "#00cc96",
           "#ab63fa",
           "#FFA15A",
           "#19d3f3",
           "#FF6692",
           "#B6E880",
           "#FF97FF",
           "#FECB52"
          ],
          "font": {
           "color": "#2a3f5f"
          },
          "geo": {
           "bgcolor": "white",
           "lakecolor": "white",
           "landcolor": "#E5ECF6",
           "showlakes": true,
           "showland": true,
           "subunitcolor": "white"
          },
          "hoverlabel": {
           "align": "left"
          },
          "hovermode": "closest",
          "mapbox": {
           "style": "light"
          },
          "paper_bgcolor": "white",
          "plot_bgcolor": "#E5ECF6",
          "polar": {
           "angularaxis": {
            "gridcolor": "white",
            "linecolor": "white",
            "ticks": ""
           },
           "bgcolor": "#E5ECF6",
           "radialaxis": {
            "gridcolor": "white",
            "linecolor": "white",
            "ticks": ""
           }
          },
          "scene": {
           "xaxis": {
            "backgroundcolor": "#E5ECF6",
            "gridcolor": "white",
            "gridwidth": 2,
            "linecolor": "white",
            "showbackground": true,
            "ticks": "",
            "zerolinecolor": "white"
           },
           "yaxis": {
            "backgroundcolor": "#E5ECF6",
            "gridcolor": "white",
            "gridwidth": 2,
            "linecolor": "white",
            "showbackground": true,
            "ticks": "",
            "zerolinecolor": "white"
           },
           "zaxis": {
            "backgroundcolor": "#E5ECF6",
            "gridcolor": "white",
            "gridwidth": 2,
            "linecolor": "white",
            "showbackground": true,
            "ticks": "",
            "zerolinecolor": "white"
           }
          },
          "shapedefaults": {
           "line": {
            "color": "#2a3f5f"
           }
          },
          "ternary": {
           "aaxis": {
            "gridcolor": "white",
            "linecolor": "white",
            "ticks": ""
           },
           "baxis": {
            "gridcolor": "white",
            "linecolor": "white",
            "ticks": ""
           },
           "bgcolor": "#E5ECF6",
           "caxis": {
            "gridcolor": "white",
            "linecolor": "white",
            "ticks": ""
           }
          },
          "title": {
           "x": 0.05
          },
          "xaxis": {
           "automargin": true,
           "gridcolor": "white",
           "linecolor": "white",
           "ticks": "",
           "title": {
            "standoff": 15
           },
           "zerolinecolor": "white",
           "zerolinewidth": 2
          },
          "yaxis": {
           "automargin": true,
           "gridcolor": "white",
           "linecolor": "white",
           "ticks": "",
           "title": {
            "standoff": 15
           },
           "zerolinecolor": "white",
           "zerolinewidth": 2
          }
         }
        },
        "title": {
         "text": "Stocks Correlations"
        }
       }
      },
      "text/html": [
